0.395388	0.00174281	0.597253	0.00116859	0.00221944	0.0022279	
0.0322152	0.00215893	0.870275	0.0674636	0.0250233	0.00286429	
0.683069	0.00206583	0.250561	0.0183659	0.00255419	0.0433833	
0.26989	0.00181456	0.693579	0.0011897	0.0311876	0.00233921	
0.369515	0.108637	0.184003	0.00113237	0.277745	0.0589677	
0.529539	0.00171727	0.316469	0.00112736	0.0745453	0.076602	
0.00160877	0.180445	0.168233	0.00131373	0.374466	0.273934	
0.271371	0.166975	0.451402	0.00113265	0.106822	0.00229662	
0.00156804	0.151728	0.363786	0.00126929	0.352576	0.129073	
0.165754	0.00189512	0.347568	0.00125739	0.343822	0.139704	
0.620447	0.262895	0.00259503	0.00133738	0.0680024	0.0447231	
0.52629	0.0017976	0.143527	0.00119577	0.191396	0.135794	
0.216831	0.0290054	0.365036	0.00137584	0.230111	0.157641	
0.291234	0.137265	0.341091	0.00124922	0.207265	0.0218948	
0.920754	0.0189242	0.00122155	0.000949766	0.0560191	0.00213121	
0.395328	0.162191	0.0014439	0.00113189	0.437638	0.00226726	
0.25749	0.226856	0.339023	0.154009	0.0203218	0.00230088	
0.465564	0.00182783	0.442345	0.00120579	0.0866173	0.00243916	
0.00144557	0.0561552	0.859771	0.00117962	0.0364635	0.0449856	
0.542057	0.0914324	0.318179	0.00120849	0.0368802	0.010243	
0.363168	0.108384	0.409987	0.113819	0.00225637	0.00238515	
0.0772295	0.812928	0.10298	0.00117014	0.0025002	0.00319199	
0.307028	0.164741	0.357387	0.00115899	0.107091	0.062593	
0.193249	0.00180122	0.744168	0.00120706	0.0572665	0.00230764	
0.521946	0.0626808	0.100934	0.156268	0.0271861	0.130986	
0.584201	0.00204353	0.407219	0.00134981	0.00264693	0.00253962	
0.223847	0.0192607	0.596693	0.0334364	0.103477	0.0232859	
0.528951	0.218299	0.147705	0.100028	0.00244203	0.00257524	
0.663693	0.00233789	0.0577367	0.0603655	0.122398	0.0934686	
0.243531	0.0735319	0.580666	0.00190846	0.00352102	0.0968416	
0.452259	0.190259	0.00168087	0.00131312	0.110158	0.244331	
0.828668	0.00194948	0.074209	0.0656679	0.0270036	0.00250241	
0.128471	0.619472	0.0973361	0.0416017	0.00345756	0.109661	
0.135956	0.101904	0.755629	0.0012624	0.0027471	0.00250196	
0.167517	0.0305005	0.761293	0.00118769	0.0227992	0.0167021	
0.00149585	0.207665	0.338159	0.00122894	0.0412159	0.410235	
0.719423	0.106069	0.167136	0.00118199	0.00239003	0.0038001	
0.0427342	0.0973773	0.825352	0.00119922	0.0237653	0.00957213	
0.862408	0.00167619	0.0550527	0.0439118	0.0343544	0.00259714	
0.17921	0.192327	0.584447	0.0202227	0.0213623	0.00243147	
0.0014953	0.0493705	0.943261	0.00121728	0.00229396	0.00236201	
0.101843	0.0240517	0.809505	0.00124877	0.00240842	0.0609426	
0.317869	0.00179908	0.559963	0.00118741	0.0460613	0.0731205	
0.378094	0.0698289	0.393729	0.00130331	0.154523	0.00252197	
0.615059	0.23127	0.00294109	0.0539002	0.00233262	0.0944964	
0.18742	0.0155349	0.559375	0.20294	0.00250533	0.0322246	
0.0076018	0.120081	0.818564	0.00177103	0.00334312	0.0486396	
0.157385	0.549579	0.223679	0.0570834	0.00229327	0.00998035	
0.118316	0.388954	0.47359	0.00159962	0.00293186	0.0146085	
0.00244916	0.209715	0.54824	0.00198752	0.00374683	0.233861	
0.0404386	0.0439114	0.79028	0.0240934	0.00321819	0.0980581	
0.102978	0.294331	0.527208	0.00160049	0.00343417	0.0704479	
0.00260043	0.222746	0.293921	0.00214122	0.00395198	0.47464	
0.00179226	0.0973974	0.603775	0.099491	0.0298625	0.167682	
0.891083	0.00161186	0.00418296	0.00106219	0.0745141	0.0275462	
0.372594	0.231715	0.25833	0.0221741	0.002512	0.112675	
0.136905	0.718663	0.0014397	0.0115573	0.00212158	0.129313	
0.765087	0.192339	0.0353266	0.00150469	0.00287282	0.00287043	
0.227228	0.00264584	0.627401	0.137372	0.00261822	0.0027341	
0.340413	0.213296	0.302205	0.00127921	0.120796	0.0220115	
0.346487	0.00633231	0.443861	0.000994332	0.200343	0.00198198	
0.199454	0.121117	0.615793	0.00137892	0.0595243	0.0027331	
0.154864	0.0127448	0.489475	0.0125814	0.254832	0.0755028	
0.039252	0.508012	0.0447639	0.00103403	0.349971	0.0569668	
0.171757	0.745192	0.00161599	0.00124875	0.047535	0.0326505	
0.24463	0.371817	0.261389	0.00133156	0.0926039	0.0282291	
0.367558	0.562525	0.0163704	0.00122607	0.00226779	0.0500527	
0.309041	0.512693	0.113368	0.00148686	0.0321419	0.0312689	
0.520669	0.0548206	0.0178267	0.00113392	0.364566	0.0409845	
0.554605	0.00170455	0.355134	0.00113229	0.0852445	0.00218055	
0.668867	0.00197676	0.269449	0.00123815	0.0377701	0.0206989	
0.421536	0.001582	0.462063	0.00105068	0.00194885	0.111819	
0.460611	0.0641512	0.416882	0.0248833	0.00225721	0.031215	
0.297419	0.00183992	0.674397	0.0216648	0.0022625	0.00241671	
0.815149	0.0020608	0.00176764	0.00137561	0.176978	0.00266925	
0.104917	0.296806	0.515988	0.0523829	0.0272821	0.00262336	
0.958674	0.0172226	0.00137571	0.00198604	0.00198503	0.0187569	
0.255852	0.677512	0.0013781	0.00107392	0.0621296	0.00205426	
0.00857158	0.508887	0.233901	0.0011322	0.00229892	0.24521	
0.232632	0.110344	0.520161	0.00119783	0.0165817	0.119083	
0.602247	0.380691	0.0113827	0.00116817	0.00223779	0.00227357	
0.15462	0.0884324	0.615998	0.135733	0.00260713	0.00260887	
0.310471	0.375099	0.267117	0.0424227	0.00243085	0.00245983	
0.504829	0.485578	0.00269992	0.00140387	0.0026443	0.00284478	
0.353006	0.0935741	0.441572	0.00106104	0.104006	0.00678156	
0.821065	0.00147144	0.00126308	0.00098988	0.173326	0.00188518	
0.561552	0.107625	0.104728	0.00115257	0.113287	0.111655	
0.446844	0.155878	0.343878	0.00108443	0.0501655	0.00214998	
0.614331	0.0377068	0.342852	0.00106815	0.00200044	0.00204155	
0.350366	0.0731146	0.556779	0.000985274	0.0131436	0.00561161	
0.174717	0.110649	0.438253	0.00117288	0.249031	0.0261766	
0.00136511	0.288491	0.625398	0.00111631	0.00214441	0.0814852	
0.00173609	0.2395	0.638513	0.00141564	0.00268742	0.116148	
0.0481482	0.207813	0.737907	0.00127263	0.00239227	0.00246632	
0.691603	0.00191503	0.300542	0.00122857	0.00228994	0.00242132	
0.0659117	0.119657	0.808585	0.00121747	0.00227325	0.00235582	
0.246727	0.128537	0.480533	0.0305455	0.00236137	0.111297	
0.0184879	0.120332	0.812213	0.0319007	0.00209659	0.0149694	
0.4932	0.00198909	0.303027	0.00131694	0.197916	0.00255084	
0.810382	0.0380331	0.00143257	0.00111834	0.146804	0.00223036	
0.0015446	0.0119023	0.699489	0.282322	0.00233528	0.00240691	
0.140825	0.661211	0.173287	0.00131927	0.00244482	0.0209132	
0.406271	0.260856	0.311069	0.00121913	0.00242648	0.0181586	
0.385699	0.0623308	0.402538	0.136058	0.00224129	0.0111329	
0.264698	0.181746	0.547086	0.00136667	0.00250753	0.00259576	
0.00129053	0.00159023	0.776751	0.00105283	0.00199879	0.217317	
0.490926	0.210005	0.0458501	0.00147142	0.00284927	0.248898	
0.72636	0.0773768	0.0481008	0.00120732	0.0877225	0.0592329	
0.855216	0.0752155	0.0641006	0.00101215	0.0019474	0.00250808	
0.781542	0.112988	0.0558629	0.00139161	0.0454974	0.00271822	
0.264045	0.502451	0.151866	0.00201432	0.00370395	0.0759191	
0.614542	0.167422	0.133266	0.00122618	0.0811384	0.00240534	
0.369878	0.247309	0.28551	0.00106681	0.0220817	0.0741545	
0.0450929	0.082462	0.794125	0.00122955	0.00237807	0.0747119	
0.0389229	0.249015	0.663163	0.00107783	0.00201272	0.0458081	
0.190154	0.0544415	0.445512	0.048874	0.101702	0.159316	
0.0035656	0.0706878	0.556766	0.00128006	0.29917	0.0685311	
0.9091	0.0237303	0.00446531	0.00155262	0.00228241	0.0588697	
0.40595	0.192519	0.188272	0.0011333	0.171972	0.0401538	
0.0690748	0.0409642	0.769493	0.0899242	0.0148605	0.0156837	
0.755131	0.039577	0.198621	0.00140139	0.00258223	0.00268708	
0.00212117	0.114108	0.795114	0.0496468	0.0356953	0.00331419	
0.333035	0.0256184	0.618047	0.0010841	0.00894132	0.013274	
0.147052	0.0664738	0.673502	0.0897878	0.0207132	0.00247094	
0.924611	0.00168372	0.0682555	0.0011333	0.00213066	0.00218582	
0.44306	0.0681968	0.346527	0.0143791	0.125606	0.00223194	
0.429693	0.0407779	0.240194	0.00118835	0.00227653	0.28587	
0.619336	0.00195046	0.202569	0.00129399	0.158794	0.0160557	
0.0551119	0.0521432	0.338734	0.00118748	0.166426	0.386398	
0.773149	0.00194879	0.218695	0.00128024	0.00237925	0.00254761	
0.676883	0.00144185	0.0238494	0.000970185	0.295011	0.00184549	
0.78193	0.0619629	0.0417397	0.000898621	0.093347	0.0201212	
0.83791	0.021405	0.135672	0.00101053	0.00197743	0.00202511	
0.829997	0.0406282	0.12397	0.00109275	0.00212362	0.00218842	
0.0881983	0.329698	0.0642442	0.00128074	0.411227	0.105352	
0.0609081	0.0797274	0.782947	0.0718995	0.00223049	0.00228732	
0.583153	0.127851	0.247766	0.00113225	0.0378041	0.00229408	
0.0588027	0.281443	0.300248	0.00167284	0.00322565	0.354607	
0.475321	0.216186	0.302403	0.00115055	0.00268643	0.00225232	
0.148913	0.188219	0.614656	0.00129242	0.002384	0.044536	
0.177565	0.0018765	0.814499	0.00126005	0.00229887	0.00250043	
0.395383	0.147185	0.157096	0.00123746	0.238384	0.0607138	
0.191279	0.640275	0.0016046	0.00125148	0.00232737	0.163262	
0.607563	0.00196873	0.0289213	0.0901271	0.242482	0.0289377	
0.168992	0.00204029	0.822524	0.00134961	0.00251383	0.00257952	
0.139986	0.473121	0.105794	0.00124786	0.00238508	0.277466	
0.578496	0.0183706	0.397242	0.0012475	0.00227844	0.00236539	
0.527085	0.119635	0.0354579	0.00113643	0.268149	0.0485359	
0.164789	0.0676541	0.639196	0.00115952	0.00220594	0.124996	
0.103617	0.311327	0.300126	0.00132761	0.25043	0.0331718	
0.488261	0.190407	0.292215	0.00136417	0.00252609	0.0252273	
0.611161	0.0897395	0.0537809	0.157042	0.00225036	0.086026	
0.0481989	0.00911808	0.447648	0.00125949	0.00238531	0.49139	
0.850235	0.018069	0.00140929	0.00109821	0.110008	0.0191802	
0.636046	0.117533	0.0550209	0.00117106	0.187993	0.0022361	
0.0982751	0.233613	0.588688	0.0252897	0.00362458	0.050509	
0.748189	0.00167676	0.244749	0.00113259	0.00211307	0.00213914	
0.16549	0.563525	0.123703	0.114434	0.00248235	0.0303659	
0.019995	0.116932	0.804824	0.0534923	0.00235328	0.00240314	
0.00157918	0.129899	0.7545	0.0228984	0.0886459	0.00247749	
0.0768817	0.0018947	0.786729	0.0267482	0.0102799	0.0974666	
0.106457	0.231566	0.624458	0.0014714	0.00305996	0.0329874	
0.210737	0.0511479	0.60209	0.0957788	0.00465754	0.0355886	
0.133983	0.395517	0.44345	0.00120808	0.00232577	0.0235159	
0.320625	0.561663	0.0015547	0.00121719	0.00238283	0.112558	
0.407724	0.329003	0.161312	0.00153502	0.0974228	0.00300294	
0.838526	0.0831583	0.0615265	0.00118974	0.00224293	0.0133566	
0.00157627	0.0575052	0.934823	0.00128201	0.00236578	0.0024481	
0.12263	0.326491	0.389312	0.0766498	0.0331868	0.0517301	
0.264515	0.0394176	0.434578	0.00120729	0.00230404	0.257978	
0.116553	0.00199155	0.828028	0.0483984	0.00244851	0.00258061	
0.265389	0.214072	0.198099	0.0138092	0.174532	0.134099	
0.362365	0.00172651	0.629303	0.00115237	0.00246153	0.00299177	
0.166649	0.585423	0.00159012	0.00121687	0.00230164	0.24282	
0.422634	0.183908	0.137571	0.237024	0.00251914	0.0163442	
0.31841	0.136272	0.209084	0.0148666	0.317128	0.00424007	
0.288442	0.00175424	0.704152	0.00116144	0.0022201	0.00227056	
0.0485341	0.0882195	0.857637	0.00112363	0.00215873	0.00232679	
0.216734	0.569292	0.0903364	0.00112611	0.00210647	0.120405	
0.264417	0.16496	0.464793	0.00173808	0.0199548	0.0841371	
0.288937	0.00826377	0.349251	0.0011433	0.204066	0.148339	
0.879651	0.0015076	0.0953637	0.00100602	0.02055	0.00192204	
0.135068	0.589366	0.236225	0.0176584	0.00241595	0.0192666	
0.141103	0.00171178	0.402225	0.00112457	0.173163	0.280672	
0.086255	0.350435	0.557539	0.00119819	0.00223485	0.00233798	
0.239515	0.00205954	0.397647	0.00112527	0.299753	0.0598997	
0.934371	0.0187415	0.00148101	0.00115117	0.0420204	0.00223479	
0.606946	0.251119	0.0266063	0.00116135	0.096581	0.0175868	
0.33122	0.00196707	0.590913	0.0141147	0.0305564	0.0312294	
0.781031	0.0264664	0.168359	0.00101684	0.00190141	0.0212248	
0.364721	0.082187	0.251312	0.00115129	0.00221809	0.298411	
0.850015	0.094606	0.00421812	0.00129176	0.047251	0.00261812	
0.371292	0.00238624	0.566315	0.00150224	0.00279989	0.0557047	
0.642453	0.013899	0.302628	0.000969704	0.00195173	0.0380982	
0.59183	0.00516361	0.397236	0.00116999	0.00229344	0.00230674	
0.668632	0.00176452	0.140574	0.0723843	0.0953889	0.0212563	
0.196692	0.211604	0.586377	0.00109954	0.00204818	0.00217966	
0.249006	0.017266	0.657807	0.0709253	0.00248077	0.00251539	
0.311174	0.0582076	0.610682	0.00244274	0.0152212	0.00227208	
0.888892	0.0206518	0.0389347	0.00115433	0.0481775	0.00218984	
0.490111	0.0450431	0.15669	0.00105853	0.305031	0.00206629	
0.729255	0.0432147	0.22194	0.00117695	0.00216673	0.00224712	
0.751034	0.105989	0.13764	0.00112351	0.00206879	0.00214461	
0.0852069	0.00209232	0.90605	0.00140213	0.00259085	0.002658	
0.622783	0.0996825	0.213621	0.00111633	0.0481132	0.0146835	
0.023189	0.00323452	0.899554	0.0504873	0.00219882	0.0213361	
0.294726	0.0699743	0.305489	0.00165317	0.324905	0.00325253	
0.775278	0.0626649	0.0703202	0.0873055	0.00218178	0.00224978	
0.207493	0.0376398	0.374453	0.00136236	0.298412	0.08064	
0.105106	0.569018	0.0187791	0.00126992	0.018919	0.286908	
0.0380827	0.226446	0.499116	0.015817	0.00238675	0.218152	
0.218073	0.0016844	0.759198	0.00111576	0.00211159	0.0178175	
0.736048	0.0330765	0.0114777	0.0526181	0.126845	0.0399348	
0.0659863	0.336501	0.592632	0.000989966	0.00190632	0.00198461	
0.0146402	0.0327665	0.712465	0.0283037	0.00248226	0.209343	
0.532886	0.00363802	0.336573	0.0150267	0.0456904	0.0661862	
0.421864	0.308253	0.138027	0.00114274	0.00221021	0.128503	
0.129371	0.768415	0.0400633	0.00145867	0.00268728	0.0580045	
0.0361948	0.0896165	0.398081	0.00106011	0.347424	0.127624	
0.511139	0.023206	0.423673	0.00122761	0.0383628	0.00239201	
0.659653	0.0919262	0.129697	0.0583639	0.0398323	0.0205271	
0.258927	0.688969	0.00154934	0.016924	0.0311835	0.0024469	
0.126703	0.762531	0.012731	0.00139279	0.00263193	0.0940097	
0.224192	0.526238	0.224259	0.00113226	0.0219041	0.00227373	
0.0974883	0.463665	0.420783	0.0011532	0.00218713	0.0147238	
0.351014	0.00175601	0.415208	0.00113518	0.00226452	0.228622	
0.814975	0.00172473	0.0952753	0.00113474	0.0846537	0.00223674	
0.9591	0.00180881	0.00153273	0.00118966	0.0340758	0.00229299	
0.425874	0.307407	0.168118	0.00127955	0.00247744	0.0948432	
0.0462376	0.0204366	0.724106	0.178027	0.0288726	0.00231974	
0.548867	0.239807	0.179319	0.00137929	0.027871	0.00275689	
0.0618335	0.00276796	0.928824	0.00137783	0.00253482	0.0026618	
0.00129163	0.00157869	0.131239	0.00104527	0.00201532	0.86283	
0.178755	0.182548	0.630708	0.00165321	0.0031019	0.00323487	
0.308874	0.610084	0.0375216	0.0011985	0.0157946	0.0265274	
0.444269	0.0309834	0.386171	0.00146261	0.0995879	0.0375256	
0.00158091	0.0896939	0.485976	0.417842	0.00239702	0.00251058	
0.00156554	0.0793329	0.461253	0.452736	0.00258383	0.0025295	
0.488107	0.133013	0.358678	0.0151889	0.00242847	0.0025845	
0.0906866	0.109499	0.724727	0.0702374	0.00240596	0.00244406	
0.0603213	0.00658744	0.868561	0.00124919	0.00236979	0.060911	
0.00149653	0.119806	0.657816	0.00122708	0.00226633	0.217388	
0.911135	0.0357075	0.0274669	0.00113359	0.0222174	0.00233922	
0.684101	0.194561	0.0498386	0.0302246	0.0192366	0.0220383	
0.24845	0.129881	0.614713	0.00144775	0.00273636	0.002772	
0.0709686	0.0731587	0.84968	0.00129245	0.00237691	0.00252307	
0.27849	0.524002	0.191677	0.00122725	0.00224503	0.00235894	
0.088113	0.00171734	0.287064	0.00113382	0.484398	0.137574	
0.880841	0.00171719	0.0552028	0.00112275	0.00221045	0.0589054	
0.860939	0.100114	0.0329784	0.00106735	0.00216948	0.00273202	
0.413241	0.00824071	0.00148054	0.00115953	0.475637	0.100241	
0.966432	0.0177462	0.00160731	0.0012493	0.00251954	0.0104455	
0.649348	0.201281	0.133999	0.0016333	0.00341143	0.0103279	
0.297841	0.00160517	0.695414	0.00106934	0.00201248	0.00205726	
0.149331	0.55605	0.27762	0.012269	0.00231893	0.00241164	
0.0985305	0.00206619	0.7126	0.00139129	0.00254243	0.18287	
0.00151231	0.0047286	0.655781	0.266436	0.0683387	0.0032034	
0.322904	0.0113676	0.523196	0.0011701	0.139	0.00236272	
0.834441	0.00221054	0.13217	0.00145825	0.0268942	0.00282622	
0.0763073	0.0282138	0.766039	0.125554	0.00190598	0.00198044	
0.600298	0.00173181	0.0785466	0.0569293	0.127347	0.135148	
0.145532	0.185455	0.651528	0.00198716	0.0131703	0.00232822	
0.47682	0.132493	0.00173648	0.00135346	0.376233	0.011364	
0.720268	0.00180914	0.141038	0.00118864	0.0298916	0.105804	
0.0942629	0.523538	0.154736	0.0016178	0.00313623	0.222709	
0.00647955	0.057673	0.907999	0.00113286	0.00217982	0.0245363	
0.280632	0.539149	0.043705	0.00113279	0.00222505	0.133156	
0.222991	0.348636	0.422431	0.00122977	0.00227372	0.00243915	
0.0941634	0.689437	0.00162521	0.00126919	0.113608	0.0998969	
0.927294	0.00155863	0.0013481	0.0118842	0.055923	0.00199152	
0.773161	0.029653	0.103588	0.00115885	0.0795979	0.0128413	
0.743424	0.00196839	0.216087	0.00130338	0.00254726	0.0346703	
0.140418	0.802482	0.0216592	0.00113601	0.00230887	0.0319958	
0.408049	0.15638	0.172906	0.098783	0.129136	0.0347448	
0.00154154	0.217033	0.775349	0.00125765	0.00233537	0.00248332	
0.845984	0.0462159	0.00138328	0.00108347	0.0962319	0.00910176	
0.218292	0.0519429	0.671633	0.000944491	0.0553535	0.00183343	
0.252579	0.00189009	0.654498	0.0273948	0.0147292	0.0489092	
0.127342	0.227949	0.562199	0.00122726	0.0788787	0.00240485	
0.172786	0.188248	0.633056	0.00120672	0.00227984	0.00242336	
0.367507	0.180172	0.389112	0.00121936	0.00232359	0.0596658	
0.295023	0.0320572	0.236379	0.0012692	0.00232239	0.43295	
0.0153497	0.179216	0.525844	0.00129072	0.00238262	0.275918	
0.0699454	0.16336	0.502588	0.00131345	0.00242484	0.260368	
0.00227082	0.0397647	0.839723	0.111279	0.00339463	0.00356744	
0.517957	0.272663	0.0450045	0.0012063	0.0613297	0.101839	
0.734376	0.15359	0.0945507	0.00125146	0.0136866	0.00254497	
0.676941	0.0633961	0.123653	0.00113497	0.13266	0.00221395	
0.651301	0.104667	0.130276	0.00124805	0.0542662	0.0582416	
0.00140612	0.28482	0.708242	0.00114213	0.00216972	0.00221993	
0.327347	0.0932012	0.515021	0.0601423	0.00211263	0.00217575	
0.769779	0.0023375	0.00197479	0.00153413	0.0861822	0.138192	
0.644245	0.0659016	0.149643	0.00120982	0.136647	0.00235416	
0.187252	0.0275813	0.756227	0.00111998	0.0130838	0.0147361	
0.403253	0.127352	0.259911	0.014307	0.0470871	0.14809	
0.242564	0.319465	0.172609	0.00109864	0.191803	0.0724601	
0.522034	0.00159577	0.172273	0.00106807	0.300921	0.00210828	
0.187212	0.23227	0.519667	0.00107903	0.0526969	0.00707612	
0.312535	0.00171693	0.345626	0.00113175	0.303992	0.0349984	
0.825501	0.00174085	0.126178	0.0011686	0.0431223	0.00228902	
0.308137	0.00165236	0.599793	0.0863209	0.00198156	0.00211566	
0.432029	0.0449186	0.455027	0.0443016	0.0214297	0.00229469	
0.637802	0.289201	0.0016456	0.00128163	0.00236823	0.0677015	
0.0796432	0.0982022	0.779503	0.00183998	0.0204198	0.0203918	
0.17297	0.109446	0.710014	0.00158061	0.00291875	0.0030698	
0.0616987	0.0571406	0.858899	0.0178699	0.00215828	0.00223397	
0.0293103	0.106772	0.65811	0.189068	0.002197	0.0145424	
0.00176094	0.704945	0.145641	0.00142897	0.00273643	0.143487	
0.320801	0.0922392	0.55394	0.00113521	0.00215906	0.0297257	
0.82272	0.0581878	0.0422833	0.000976529	0.0739285	0.00190356	
0.908402	0.00192061	0.0294851	0.00126124	0.0564929	0.00243793	
0.0141907	0.00188612	0.977823	0.00125835	0.0023701	0.00247152	
0.229615	0.0626911	0.677377	0.0255661	0.00233471	0.00241526	
0.116712	0.0824754	0.795717	0.00101849	0.00195936	0.00211771	
0.626786	0.00200862	0.19145	0.0328534	0.0987551	0.048147	
0.0260347	0.104395	0.621631	0.00130341	0.0339429	0.212692	
0.286009	0.44765	0.0436703	0.00114984	0.0021479	0.219372	
0.181866	0.683809	0.0995664	0.0165806	0.00305666	0.0151211	
0.0934487	0.542083	0.00142254	0.00110605	0.0335578	0.328382	
0.0784171	0.00601817	0.623672	0.00134005	0.287917	0.00263537	
0.305831	0.0018966	0.686275	0.00125687	0.00235646	0.00238374	
0.389125	0.0321197	0.572772	0.00123825	0.00233886	0.00240574	
0.275513	0.00150386	0.545893	0.0136117	0.0155675	0.14791	
0.23528	0.256919	0.388131	0.00216115	0.053986	0.0635217	
0.212727	0.139878	0.617866	0.0251999	0.00214307	0.00218614	
0.0959895	0.153682	0.735937	0.00109998	0.00205621	0.0112351	
0.00189709	0.526134	0.153663	0.063045	0.0186179	0.236643	
0.319145	0.0742055	0.331597	0.00127378	0.143548	0.130231	
0.526667	0.187993	0.227334	0.00151922	0.0534871	0.00299999	
0.793069	0.00241635	0.196273	0.00159754	0.0029721	0.00367178	
0.783984	0.00150925	0.100636	0.000994645	0.0472549	0.0656213	
0.00141344	0.0017133	0.781994	0.0402923	0.00219193	0.172395	
0.454961	0.0630242	0.283578	0.126873	0.00241109	0.0691522	
0.717906	0.0520348	0.150703	0.0011062	0.061674	0.0165762	
0.0784922	0.359766	0.508831	0.048221	0.00230989	0.00238017	
0.423542	0.385377	0.168275	0.017931	0.00233564	0.00253956	
0.347672	0.346586	0.147842	0.00201572	0.00386876	0.152015	
0.529634	0.0842796	0.305603	0.00115133	0.077025	0.00230721	
0.00139549	0.00169094	0.943849	0.0263433	0.024399	0.00232241	
0.777763	0.0295825	0.169977	0.0012952	0.0188759	0.00250623	
0.498565	0.00170146	0.436156	0.0011338	0.0289638	0.0334796	
0.159689	0.00182149	0.69484	0.0012105	0.109917	0.0325227	
0.222128	0.0916993	0.646431	0.00121934	0.0140377	0.0244847	
0.10226	0.323939	0.521153	0.0479729	0.00225586	0.00241923	
0.0727272	0.0331437	0.742631	0.082842	0.0254282	0.0432277	
0.0309304	0.302063	0.545067	0.00175035	0.0474699	0.0727195	
0.154396	0.744058	0.00162791	0.00127013	0.0763141	0.0223343	
0.00154546	0.212817	0.779562	0.00126049	0.00240445	0.00241104	
0.729157	0.119121	0.00150485	0.00117015	0.0613005	0.0877472	
0.156139	0.0608782	0.661331	0.0886405	0.0309271	0.00208428	
0.471234	0.00172803	0.443461	0.0558547	0.0227301	0.00499211	
0.0876638	0.118815	0.669572	0.119516	0.0021659	0.00226756	
0.086034	0.0688346	0.640436	0.199633	0.00256162	0.00250023	
0.160614	0.0684828	0.74632	0.0201312	0.00218148	0.00227074	
0.0392711	0.113896	0.840834	0.00125038	0.00239581	0.00235263	
0.0511677	0.892429	0.00159298	0.050104	0.0023159	0.00239048	
0.0892105	0.892202	0.00160432	0.00124798	0.0132946	0.0024406	
0.865917	0.0022638	0.00193259	0.0015006	0.00323967	0.125147	
0.880627	0.00187162	0.001521	0.00118812	0.112453	0.00233854	
0.975684	0.0162473	0.00169895	0.001325	0.00247701	0.00256744	
0.738579	0.0162363	0.229595	0.0010613	0.0123749	0.00215443	
0.0268433	0.0635005	0.558922	0.065001	0.00206149	0.283672	
0.517879	0.230582	0.129591	0.00118652	0.0713955	0.0493664	
0.31949	0.11891	0.556411	0.0010883	0.00204003	0.00206088	
0.0574883	0.212513	0.724306	0.0011794	0.00220959	0.00230401	
0.466353	0.00186864	0.328201	0.00123781	0.104879	0.0974603	
0.411793	0.0508943	0.460274	0.00118957	0.0735013	0.00234735	
0.240662	0.339027	0.358503	0.0196338	0.00231731	0.0398565	
0.442211	0.034079	0.517421	0.00132627	0.00244667	0.00251627	
0.346104	0.0166639	0.546302	0.00196297	0.00366186	0.0853051	
0.309357	0.50868	0.110174	0.00151724	0.00290316	0.0673683	
0.509953	0.0917676	0.0982125	0.00112322	0.280955	0.0179888	
0.00141744	0.107597	0.858299	0.0281686	0.00227264	0.00224506	
0.00154167	0.0536508	0.333251	0.0219433	0.101936	0.487677	
0.681082	0.110765	0.132304	0.0175841	0.0560592	0.00220567	
0.701153	0.270502	0.00141227	0.00109804	0.0227621	0.00307199	
0.585044	0.0098363	0.014532	0.00147272	0.286053	0.103062	
0.229301	0.0580107	0.70637	0.00132946	0.00243567	0.00255351	
0.106273	0.192613	0.662784	0.00132569	0.00248793	0.0345159	
0.4682	0.0177367	0.508105	0.00122622	0.00229204	0.00244086	
0.322378	0.0317739	0.624882	0.000983635	0.0180813	0.001901	
0.274889	0.200336	0.431838	0.00143168	0.00324836	0.0882571	
0.360061	0.355848	0.252544	0.00136764	0.00262241	0.027557	
0.512116	0.00173307	0.213205	0.00114613	0.204287	0.0675126	
0.0700643	0.141779	0.430739	0.0745063	0.00384139	0.27907	
0.5162	0.00311892	0.0425519	0.0354672	0.00377708	0.398885	
0.754741	0.00186694	0.00159252	0.00124703	0.238088	0.00246446	
0.0438796	0.0561455	0.829666	0.064755	0.00272311	0.00283068	
0.812336	0.104719	0.00193874	0.0341149	0.00232766	0.0445634	
0.26205	0.188065	0.397896	0.00134132	0.00248019	0.148169	
0.106124	0.129001	0.649974	0.00120932	0.0023388	0.111352	
0.180248	0.0816456	0.717307	0.00129143	0.00252005	0.0169875	
0.52589	0.287047	0.0487189	0.00129478	0.134586	0.00246322	
0.633704	0.00161323	0.323208	0.0179043	0.0214137	0.00215664	
0.742928	0.00208629	0.178439	0.00137654	0.00274389	0.072427	
0.484942	0.00187794	0.294858	0.00125039	0.0642496	0.152822	
0.256585	0.070423	0.471358	0.00120665	0.13664	0.0637868	
0.320747	0.00191403	0.59616	0.00126146	0.0774262	0.00249123	
0.0237642	0.0994637	0.734655	0.0390042	0.100447	0.00266628	
0.339185	0.00171598	0.569919	0.07703	0.00974721	0.0024031	
0.610908	0.222879	0.0687654	0.0130559	0.00205051	0.082341	
0.412128	0.387015	0.146024	0.0152005	0.00188391	0.0377485	
0.161029	0.480102	0.339319	0.0148405	0.00230691	0.0024023	
0.412215	0.210749	0.370622	0.00132863	0.00252263	0.00256258	
0.177391	0.139699	0.595559	0.00134067	0.0825517	0.00345858	
0.543934	0.00207587	0.447447	0.00135074	0.00250836	0.00268448	
0.767138	0.00223856	0.0824367	0.142089	0.00324208	0.0028564	
0.00149825	0.0243743	0.889996	0.00156767	0.00227552	0.0802887	
0.466245	0.0886224	0.212808	0.0976025	0.120615	0.0141076	
0.582049	0.104292	0.173247	0.120766	0.00178124	0.0178637	
0.275988	0.233266	0.304951	0.00141441	0.0258984	0.158483	
0.161061	0.21577	0.616494	0.00139125	0.00259175	0.00269298	
0.184904	0.301267	0.27308	0.00139073	0.0599253	0.179432	
0.00183956	0.368978	0.576768	0.00126903	0.00239918	0.0487467	
0.973905	0.00173319	0.00149554	0.00115837	0.0194007	0.00230738	
0.00140385	0.374791	0.600917	0.00229135	0.00213546	0.0184606	
0.0477198	0.120212	0.808089	0.00114408	0.0205712	0.00226426	
0.32714	0.00204631	0.562014	0.00136228	0.10478	0.00265697	
0.632461	0.00169219	0.307821	0.0397201	0.0159839	0.00232127	
0.190373	0.0515987	0.719864	0.00125046	0.00237457	0.0345391	
0.06969	0.167684	0.262614	0.0325389	0.0928365	0.374636	
0.0451462	0.533778	0.312892	0.00201275	0.0039771	0.102195	
0.304577	0.510112	0.0192123	0.00132775	0.14792	0.0168505	
0.798384	0.00206677	0.10814	0.00133118	0.0195012	0.0705768	
0.671014	0.110053	0.0985894	0.00119862	0.0476158	0.0715298	
0.0999757	0.533723	0.355667	0.00223049	0.0041179	0.00428586	
0.0285163	0.00229511	0.961907	0.00150502	0.00283251	0.00294427	
0.477824	0.218619	0.191317	0.0573019	0.012944	0.0419939	
0.074839	0.151697	0.765301	0.00161799	0.00314767	0.00339723	
0.591558	0.177642	0.0516596	0.00148821	0.00308947	0.174563	
0.737698	0.030038	0.00160096	0.00124801	0.226998	0.00241693	
0.874431	0.0505927	0.0323529	0.00122748	0.0389302	0.00246612	
0.0224813	0.245695	0.725557	0.0013167	0.0024565	0.00249329	
0.781031	0.0641524	0.115317	0.00112515	0.0361318	0.00224342	
0.698453	0.12734	0.132544	0.00101661	0.0386805	0.00196593	
0.175861	0.134402	0.51869	0.15025	0.00201984	0.0187765	
0.187383	0.00160704	0.763543	0.0433958	0.00204075	0.00203015	
0.545735	0.134182	0.314906	0.00108327	0.00200702	0.00208664	
0.00390469	0.256068	0.498845	0.163232	0.00235527	0.0755955	
0.150611	0.134366	0.363187	0.0514537	0.00230453	0.298077	
0.643613	0.15066	0.187713	0.0134687	0.00221028	0.00233517	
0.0994263	0.00187255	0.763621	0.00125079	0.131473	0.00235635	
0.0765608	0.0153328	0.440447	0.00121626	0.00224512	0.464198	
0.0383241	0.0163875	0.868241	0.00107845	0.00206514	0.0739039	
0.348002	0.0281601	0.500011	0.0999262	0.0212771	0.00262376	
0.363924	0.00191147	0.581993	0.00124883	0.0484791	0.00244312	
0.181108	0.0622909	0.537287	0.0215233	0.167268	0.0305229	
0.593934	0.00151274	0.139351	0.00101443	0.234788	0.0294001	
0.881057	0.00155254	0.00131585	0.0010319	0.112975	0.00206767	
0.449398	0.207239	0.00683477	0.039896	0.091114	0.205519	
0.447611	0.00185512	0.297488	0.100539	0.0762125	0.0762938	
0.221975	0.0597993	0.542485	0.00140152	0.00266045	0.171679	
0.264636	0.0129391	0.441892	0.0585027	0.0783218	0.143708	
0.235273	0.180942	0.576739	0.00156947	0.0026923	0.00278375	
0.472595	0.00165182	0.178194	0.00109052	0.283539	0.0629288	
0.648926	0.00176581	0.175772	0.001187	0.169927	0.00242222	
0.472262	0.443588	0.00960796	0.00181782	0.069032	0.00369174	
0.55462	0.204353	0.00266722	0.00207208	0.232222	0.00406549	
0.763472	0.0970627	0.0183119	0.00124964	0.0610953	0.0588086	
0.420823	0.251584	0.00374043	0.00216353	0.0961041	0.225585	
0.483893	0.207902	0.0833085	0.0021008	0.0851626	0.137633	
0.257369	0.0122157	0.493724	0.0380249	0.00384322	0.194824	
0.6337	0.209799	0.0051873	0.00257713	0.00510559	0.143631	
0.253135	0.298048	0.107704	0.00143089	0.25065	0.0890328	
0.334086	0.271126	0.189279	0.00179276	0.129547	0.07417	
0.332222	0.295704	0.138295	0.00142892	0.0375944	0.194756	
0.339126	0.133426	0.494327	0.00117666	0.0296098	0.00233436	
0.442475	0.00204031	0.286665	0.00134939	0.0266498	0.24082	
0.536039	0.00180786	0.357907	0.00117946	0.00227679	0.10079	
0.246191	0.745654	0.00171779	0.00133782	0.00249432	0.00260557	
0.121797	0.245527	0.621008	0.00646092	0.00256232	0.00264424	
0.183223	0.00155284	0.625123	0.0654991	0.00191674	0.122685	
0.772292	0.151376	0.00221601	0.00173151	0.00315836	0.0692253	
0.325324	0.136456	0.00242863	0.214247	0.267731	0.0538134	
0.0392132	0.00192785	0.821982	0.00128	0.020027	0.11557	
0.713941	0.0488677	0.116935	0.0010364	0.117226	0.0019939	
0.118257	0.00199852	0.806639	0.0680441	0.00243721	0.0026243	
0.00174722	0.308682	0.488175	0.181659	0.0169904	0.00274737	
0.545991	0.00150228	0.423843	0.00098951	0.0257002	0.00197457	
0.73417	0.212154	0.00165248	0.00127923	0.0302989	0.0204457	
0.405928	0.0451313	0.438674	0.00113615	0.106869	0.00226217	
0.306475	0.361914	0.0368352	0.00124638	0.00253501	0.290994	
0.70588	0.146224	0.142143	0.00118854	0.00225123	0.00231333	
0.765887	0.00160588	0.200325	0.00106737	0.0289535	0.00216137	
0.168559	0.396812	0.353812	0.00105358	0.00192925	0.077834	
0.00319791	0.399552	0.55772	0.034023	0.00252455	0.00298211	
0.298433	0.0018467	0.693987	0.00121575	0.00222082	0.0022961	
0.0940359	0.0460384	0.826501	0.00113574	0.0146779	0.0176107	
0.162081	0.158265	0.57853	0.0967686	0.0021657	0.00218967	
0.0696548	0.00163554	0.89687	0.00109303	0.0285993	0.00214762	
0.84885	0.0428841	0.10227	0.0012065	0.00241308	0.00237626	
0.653727	0.00193831	0.31227	0.00128006	0.0282527	0.00253139	
0.00266087	0.916378	0.0751407	0.00121595	0.00223397	0.00237084	
0.0247144	0.628788	0.339967	0.00133806	0.00256413	0.00262873	
0.0905962	0.104776	0.722642	0.0371964	0.0127509	0.0320385	
0.034	0.155387	0.731695	0.0743004	0.00227629	0.00234075	
0.0578384	0.00163483	0.908052	0.0010826	0.0021108	0.0292816	
0.180981	0.320949	0.23823	0.244355	0.0131497	0.00233541	
0.827965	0.00200044	0.163622	0.00133758	0.00249404	0.00258058	
0.638781	0.139753	0.199904	0.0169901	0.00225016	0.00232168	
0.308772	0.260821	0.397843	0.00122557	0.0289287	0.00240961	
0.183794	0.284358	0.496183	0.000944474	0.00695199	0.0277688	
0.279049	0.208701	0.496547	0.00115023	0.0122629	0.00229034	
0.0837253	0.480793	0.402989	0.0282706	0.00211251	0.00210931	
0.110768	0.150315	0.733172	0.0011972	0.00223366	0.00231507	
0.179496	0.0698942	0.745417	0.0010927	0.00203487	0.00206489	
0.652877	0.00179329	0.156782	0.00117875	0.115658	0.0717106	
0.343183	0.118171	0.480694	0.0461503	0.00931822	0.00248353	
0.00186969	0.343872	0.510891	0.00151794	0.023085	0.118765	
0.367674	0.248425	0.313395	0.0658311	0.00218382	0.0024907	
0.635791	0.00155902	0.303522	0.00102225	0.0561165	0.00198994	
0.925055	0.00218184	0.0018053	0.001401	0.0667283	0.002829	
0.698606	0.0319526	0.23981	0.00113358	0.0262544	0.00224309	
0.00207543	0.358806	0.496454	0.0200372	0.00318264	0.119445	
0.583875	0.0249794	0.353373	0.00122683	0.00228155	0.0342638	
0.7692	0.0542591	0.150124	0.00154852	0.0219374	0.00293143	
0.740984	0.118101	0.135728	0.00106172	0.0020443	0.00208146	
0.223889	0.695138	0.00960757	0.047777	0.002329	0.0212593	
0.473154	0.00209614	0.4678	0.0517362	0.00259109	0.00262295	
0.00167099	0.150074	0.767946	0.0752185	0.00249704	0.00259366	
0.00148086	0.00181947	0.588414	0.322238	0.0837105	0.00233723	
0.0809319	0.00203111	0.800382	0.087526	0.0264894	0.00263997	
0.827464	0.001536	0.0012992	0.00100857	0.166724	0.00196815	
0.94914	0.00162373	0.00139009	0.00107569	0.0446723	0.00209776	
0.257016	0.277701	0.33004	0.00133676	0.00253473	0.13137	
0.580728	0.100447	0.236796	0.00135132	0.0225276	0.0581504	
0.558618	0.115551	0.252074	0.00120703	0.0667342	0.00581557	
0.141039	0.187368	0.490888	0.00177345	0.00329184	0.175641	
0.341864	0.0511186	0.541371	0.0419324	0.0028173	0.0208965	
0.141479	0.0726408	0.779684	0.00129151	0.00237359	0.00253123	
0.817101	0.00185195	0.0017938	0.00122862	0.0608055	0.117219	
0.517043	0.00357435	0.473742	0.00116119	0.00219226	0.0022878	
0.0548793	0.916994	0.0215609	0.00119583	0.00221353	0.00315612	
0.273747	0.0856154	0.599574	0.00126252	0.0292799	0.0105215	
0.188429	0.0578788	0.725549	0.0233864	0.00235457	0.00240266	
0.0898546	0.198569	0.676266	0.0308302	0.00232701	0.00215357	
0.232545	0.0017647	0.74264	0.00117836	0.0194655	0.00240668	
0.0461833	0.326795	0.589685	0.00210614	0.00395898	0.0312713	
0.0522124	0.00137862	0.383029	0.000910487	0.300117	0.262352	
0.167182	0.0279548	0.459033	0.000898257	0.13454	0.210392	
0.118849	0.163217	0.469252	0.00118705	0.115055	0.13244	
0.24276	0.0586794	0.630907	0.00116802	0.00223126	0.064254	
0.766833	0.0966868	0.130041	0.00131446	0.00251465	0.00261072	
0.462516	0.053165	0.20836	0.00133952	0.00251412	0.272105	
0.835429	0.108115	0.00162324	0.0012768	0.0510055	0.00255083	
0.569048	0.219126	0.11697	0.00121655	0.00242584	0.0912144	
0.731416	0.0834975	0.00150061	0.00116774	0.180123	0.00229548	
0.190552	0.344296	0.352178	0.108544	0.00216552	0.00226509	
0.00176269	0.323343	0.649177	0.0202795	0.00266392	0.00277329	
0.195817	0.0312447	0.765163	0.00156586	0.00292374	0.00328579	
0.0876201	0.113662	0.682216	0.00144299	0.00274853	0.112311	
0.198991	0.331441	0.461919	0.00144273	0.00269621	0.00351056	
0.510412	0.22837	0.0016231	0.00125959	0.00243737	0.255897	
0.154356	0.153771	0.640406	0.0461558	0.00261216	0.00269872	
0.34879	0.136203	0.385996	0.123318	0.00283106	0.00286146	
0.66885	0.0899652	0.223016	0.00126243	0.0145163	0.00239081	
0.977035	0.00184311	0.00152269	0.00118669	0.0161699	0.00224311	
0.0016378	0.905014	0.0717677	0.00114894	0.00209712	0.0183347	
0.190591	0.378437	0.114665	0.00125853	0.00238576	0.312663	
0.370957	0.456867	0.0460627	0.00209975	0.00395658	0.120057	
0.375084	0.199028	0.250636	0.0243958	0.0021339	0.148722	
0.396099	0.00753748	0.167346	0.00131427	0.124023	0.30368	
0.387744	0.00577808	0.41647	0.00124778	0.0996857	0.0890745	
0.274309	0.00201445	0.337159	0.00133861	0.00439305	0.380786	
0.252292	0.001843	0.324702	0.00122648	0.0403504	0.379586	
0.932806	0.0449046	0.0017735	0.00137948	0.0163692	0.00276683	
0.657015	0.00160563	0.154861	0.0164057	0.0872634	0.082849	
0.157484	0.785614	0.00174161	0.00135279	0.00296503	0.0508423	
0.00207652	0.126837	0.827252	0.0371807	0.00317315	0.00348113	
0.00155337	0.0431924	0.870108	0.0803169	0.00241263	0.00241648	
0.0985813	0.0436137	0.709759	0.0750057	0.0704399	0.00260047	
0.287626	0.00213971	0.480325	0.0928012	0.0239857	0.113123	
0.68372	0.00199252	0.170759	0.138347	0.00243281	0.00274888	
0.0454936	0.229555	0.704769	0.0154402	0.0023221	0.00242002	
0.640963	0.00179763	0.219235	0.00119241	0.134486	0.00232656	
0.362873	0.128157	0.447783	0.00122895	0.00227248	0.0576855	
0.246228	0.00178176	0.312579	0.00117735	0.0530777	0.385156	
0.31321	0.00175355	0.434251	0.00115815	0.00222897	0.247398	
0.248734	0.0953602	0.542804	0.00131709	0.00254012	0.109245	
0.0724021	0.00587151	0.265257	0.001567	0.206794	0.448108	
0.313446	0.221153	0.373112	0.0224847	0.00203592	0.0677679	
0.626147	0.0589855	0.308804	0.00126154	0.00236187	0.00243934	
0.265453	0.0434534	0.667224	0.00148777	0.00401985	0.0183621	
0.00366727	0.165833	0.671153	0.00338309	0.00269183	0.153273	
0.679922	0.193148	0.00137959	0.0109977	0.083816	0.0307365	
0.0608774	0.746822	0.145465	0.00124149	0.00237453	0.0432194	
0.287982	0.0724891	0.624437	0.00117934	0.00225032	0.0116619	
0.527319	0.216039	0.194718	0.00115022	0.00225353	0.0585202	
0.0286973	0.366063	0.598524	0.00138962	0.00263325	0.00269295	
0.715466	0.091958	0.185212	0.00252161	0.00246444	0.00237795	
0.685361	0.00185068	0.199553	0.00122834	0.0716015	0.0404051	
0.00233393	0.143667	0.568628	0.0019105	0.00351417	0.279947	
0.219028	0.0024218	0.430276	0.141828	0.00294555	0.2035	
0.240654	0.00177175	0.691532	0.0614318	0.00224279	0.00236801	
0.124319	0.00221788	0.844937	0.00147177	0.00283034	0.0242246	
0.593177	0.0567805	0.343012	0.00144426	0.00282444	0.00276166	
0.0382263	0.0642923	0.723096	0.0204708	0.00230291	0.151612	
0.0014753	0.162079	0.830626	0.00119762	0.00225184	0.00236995	
0.611955	0.297229	0.0134605	0.00111638	0.0739089	0.00233046	
0.443579	0.0302632	0.416425	0.00114947	0.106345	0.00223841	
0.573748	0.0966703	0.323763	0.00122063	0.00226856	0.00232931	
0.909809	0.00169728	0.00144427	0.0011262	0.0673162	0.0186074	
0.880722	0.0231165	0.0240797	0.0673123	0.00235269	0.00241643	
0.0555665	0.00898054	0.909969	0.0198163	0.00272714	0.00294046	
0.34689	0.0479373	0.253714	0.00125841	0.347631	0.00256891	
0.235679	0.0112119	0.493676	0.0100601	0.00510749	0.244266	
0.677302	0.00178593	0.0132579	0.00115814	0.304207	0.00228904	
0.282154	0.00348612	0.267923	0.0022992	0.261778	0.18236	
0.42986	0.0905354	0.0195065	0.00874207	0.0048491	0.446507	
0.637998	0.00195112	0.25205	0.0151831	0.0902852	0.00253279	
0.0361219	0.372687	0.309514	0.244838	0.00216037	0.0346799	
0.395725	0.00185596	0.596639	0.00122577	0.0022563	0.00229729	
0.440773	0.108927	0.362107	0.00112599	0.0652412	0.0218263	
0.557184	0.0563271	0.22637	0.0012068	0.156534	0.00237797	
0.00163168	0.473454	0.512994	0.00134047	0.00301734	0.00756209	
0.0792482	0.204999	0.710205	0.00114421	0.00214519	0.00225836	
0.0386975	0.125107	0.828136	0.00162133	0.00336267	0.00307572	
0.192217	0.00205014	0.768783	0.0013517	0.0329646	0.00263404	
0.377415	0.483665	0.0668589	0.00127864	0.0416262	0.029156	
0.17332	0.253677	0.565874	0.00147259	0.00276895	0.00288671	
0.357056	0.26025	0.0647182	0.00123869	0.281774	0.0349635	
0.474428	0.200394	0.00171737	0.00132738	0.00247196	0.319661	
0.206146	0.0167765	0.482275	0.191884	0.00267609	0.100242	
0.760101	0.0697042	0.0658376	0.00114989	0.100915	0.00229235	
0.799284	0.103292	0.0922394	0.00108439	0.00198667	0.00211303	
0.337809	0.425732	0.0841577	0.0509414	0.00210361	0.0992559	
0.153629	0.293191	0.468031	0.0801107	0.0024629	0.00257529	
0.253148	0.674148	0.03777	0.0013751	0.0307915	0.00276741	
0.596174	0.115429	0.282009	0.00133925	0.00246144	0.00258703	
0.487023	0.0611673	0.4379	0.00115052	0.00238598	0.0103735	
0.500466	0.0882813	0.147221	0.00145539	0.00281528	0.259762	
0.582693	0.101983	0.226801	0.00122715	0.0734176	0.0138783	
0.405527	0.0789035	0.270537	0.00110038	0.241791	0.00214099	
0.499035	0.125305	0.245288	0.00104557	0.12724	0.00208658	
0.545115	0.0244325	0.304821	0.00119762	0.122116	0.00231765	
0.00160429	0.00201075	0.940419	0.00132183	0.0274942	0.0271495	
0.00265393	0.00324166	0.8402	0.0451296	0.104654	0.00412118	
0.00141993	0.00174615	0.597501	0.141101	0.00217783	0.256054	
0.644112	0.253632	0.0382319	0.00137721	0.0026186	0.0600282	
0.688541	0.21859	0.00338318	0.00262802	0.0313613	0.0554962	
0.00173519	0.298574	0.57634	0.00141488	0.0208252	0.101111	
0.23613	0.190567	0.358248	0.126559	0.031826	0.0566696	
0.15026	0.00192396	0.748472	0.00127932	0.0166251	0.0814401	
0.88505	0.00189172	0.00159522	0.00124921	0.083683	0.0265314	
0.674238	0.0206615	0.298468	0.00138951	0.00254172	0.00270085	
0.245143	0.240196	0.47191	0.0385034	0.00213816	0.00210981	
0.113435	0.589481	0.206072	0.00129129	0.00251485	0.0872056	
0.0422184	0.501562	0.448648	0.00158495	0.00291576	0.0030704	
0.282044	0.0553548	0.629595	0.00114272	0.00408884	0.0277746	
0.368266	0.0291832	0.595924	0.00137779	0.00262626	0.00262284	
0.700008	0.00184098	0.00156858	0.00121694	0.0734602	0.221905	
0.505485	0.137512	0.350599	0.00132736	0.00248764	0.00258869	
0.071953	0.387676	0.25514	0.250746	0.0322528	0.00223305	
0.600707	0.0408566	0.3531	0.00107386	0.00213831	0.00212354	
0.590129	0.189162	0.0500423	0.00127968	0.083388	0.0859983	
0.887013	0.00158329	0.0876527	0.0010522	0.0206095	0.00208903	
0.0175975	0.423031	0.0840025	0.00136321	0.00258144	0.471424	
0.0762633	0.105834	0.809829	0.00165377	0.00306539	0.00335448	
0.261697	0.263397	0.363253	0.00128288	0.00243246	0.107938	
0.563467	0.00201924	0.427932	0.00135085	0.00249932	0.00273126	
0.397078	0.157839	0.438669	0.00127945	0.0024354	0.00269914	
0.291148	0.24411	0.458033	0.00137947	0.00263721	0.00269195	
0.93133	0.00175533	0.048753	0.00117012	0.014702	0.0022896	
0.289337	0.0662592	0.637713	0.00137519	0.00260043	0.00271442	
0.925247	0.0230008	0.0461412	0.00116846	0.00216742	0.00227526	
